0.345458984375
0.8733062744140625
0.84039306640625
0.5524444580078125
0.7889404296875
0.8658599853515625
0.58563232421875
0.9346466064453125
0.40625
0.7236480712890625
0.45782470703125
0.7914581298828125
0.2286376953125
0.0404205322265625
0.73822021484375
0.4666290283203125
0.787353515625
0.9099273681640625
0.20806884765625
0.8039093017578125
0.1136474609375
0.9259185791015625
0.14862060546875
0.1470489501953125
0.73876953125
0.1821441650390625
0.34112548828125
0.3397979736328125
0.6939697265625
0.2723541259765625
0.06683349609375
0.7259063720703125
0.510498046875
0.2902984619140625
0.10699462890625
0.1491241455078125
0.2196044921875
0.8297271728515625
0.74285888671875
0.9532012939453125
0.3525390625
0.9843902587890625
0.75567626953125
0.9818878173828125
0.9405517578125
0.3480377197265625
0.42669677734375
0.5789337158203125
0.514892578125
0.0144195556640625
0.53717041015625
0.5880889892578125
0.1068115234375
0.5772857666015625
0.36834716796875
0.3531036376953125
0.24755859375
0.1303863525390625
0.70147705078125
0.7177276611328125
0.9683837890625
0.2674713134765625
0.81781005859375
0.0257110595703125
0.800537109375
0.0822906494140625
0.49859619140625
0.1208038330078125
0.7752685546875
0.1685943603515625
0.02508544921875
0.3467559814453125
0.423828125
0.6201324462890625
0.17852783203125
0.5473175048828125
0.7774658203125
0.0306549072265625
0.24017333984375
0.0662384033203125
0.367431640625
0.4939117431640625
0.99127197265625
0.7472686767578125
0.2249755859375
0.6036529541015625
0.71307373046875
0.9341583251953125
0.88134765625
0.4536285400390625
0.18682861328125
0.4706573486328125
0.3677978515625
0.6375885009765625
0.69378662109375
0.7005157470703125
0.215576171875
0.2492828369140625
0.01519775390625
0.4674835205078125
0.4559326171875
0.8824615478515625
0.43231201171875
0.1153106689453125
0.6201171875
0.6308746337890625
0.72637939453125
0.4877471923828125
0.7393798828125
0.0882720947265625
0.17864990234375
0.9285430908203125
0.344970703125
0.3484039306640625
0.57037353515625
0.2814483642578125
0.4681396484375
0.0050201416015625
0.18280029296875
0.8902130126953125
0.64013671875
0.1518707275390625
0.79718017578125
0.5985870361328125
0.8922119140625
0.3827056884765625
0.69476318359375
0.7503204345703125
0.755615234375
0.7912750244140625
0.65679931640625
0.1891632080078125
0.2615966796875
0.9713287353515625
0.96453857421875
0.2588653564453125
0.94140625
0.0166168212890625
0.39923095703125
0.8031768798828125
0.8262939453125
0.5208892822265625
0.24212646484375
0.1658477783203125
0.447509765625
0.5778961181640625
0.27447509765625
0.1906280517578125
0.8363037109375
0.7813873291015625
0.77752685546875
0.2212677001953125
0.52392578125
0.2251129150390625
0.53253173828125
0.1015167236328125
0.5416259765625
0.5028228759765625
0.82073974609375
0.1751251220703125
0.420654296875
0.7082672119140625
0.42340087890625
0.2858428955078125
0.1922607421875
0.4351959228515625
0.62176513671875
0.7774200439453125
0.3876953125
0.7773590087890625
0.19708251953125
0.4936065673828125
0.0382080078125
0.3285064697265625
0.43060302734375
0.7781524658203125
0.675048828125
0.1823883056640625
0.10357666015625
0.4748077392578125
0.3294677734375
0.9327545166015625
0.49725341796875
0.9273223876953125
0.53271484375
0.6733551025390625
0.39288330078125
0.9794464111328125
0.3160400390625
0.9979400634765625
0.07171630859375
0.9749298095703125
0.210693359375
0.0002593994140625
0.31500244140625
0.7575225830078125
0.2479248046875
0.2740631103515625
0.40399169921875
0.6709747314453125
0.958984375
0.9131011962890625
0.11993408203125
0.5590362548828125
0.3751220703125
0.5111236572265625
0.74407958984375
0.7654571533203125
0.027587890625
0.1618804931640625
0.05767822265625
0.1339874267578125
0.9476318359375
0.4591217041015625
0.34197998046875
0.0083770751953125
0.66650390625
0.4965972900390625
0.37823486328125
0.2323760986328125
0.2154541015625
0.8680572509765625
0.44769287109375
0.1497344970703125
0.125732421875
0.6672515869140625
0.33160400390625
0.6042022705078125
0.4285888671875
0.4879302978515625
0.31121826171875
0.9395294189453125
0.6552734375
0.4238433837890625
0.16778564453125
0.9994659423828125
0.8370361328125
0.0687408447265625
0.18255615234375
0.1277618408203125
0.505126953125
0.5163726806640625
0.13677978515625
0.1681671142578125
0.6907958984375
0.3604888916015625
0.31170654296875
0.4644317626953125
0.92529296875
0.6948394775390625
0.48858642578125
0.8603057861328125
0.2398681640625
0.1131744384765625
0.94866943359375
0.6995391845703125
0.165771484375
0.7092437744140625
0.47320556640625
0.8258819580078125
0.7342529296875
0.0767974853515625
0.34344482421875
0.5830841064453125
0.4765625
0.3095855712890625
0.34063720703125
0.8148956298828125
0.4239501953125
0.0013580322265625
0.74603271484375
0.8650665283203125
0.107666015625
0.2458648681640625
0.34088134765625
0.5773468017578125
0.5589599609375
0.6368560791015625
0.40643310546875
0.2954864501953125
0.30908203125
0.2680816650390625
0.72393798828125
0.8632354736328125
0.3892822265625
0.7332916259765625
0.57464599609375
0.6243438720703125
0.330810546875
0.1262359619140625
0.73980712890625
0.4225616455078125
0.1649169921875
0.0406646728515625
0.50067138671875
0.6016387939453125
0.4228515625
0.5703277587890625
0.63848876953125
0.0053253173828125
0.1358642578125
0.3089752197265625
0.43450927734375
0.9773712158203125
0.835205078125
0.3503570556640625
0.66998291015625
0.3615264892578125
0.5521240234375
0.2882232666015625
0.62615966796875
0.5015411376953125
0.81787109375
0.2163238525390625
0.08428955078125
0.2411651611328125
0.6636962890625
0.7284088134765625
0.32562255859375
0.9241485595703125
0.620849609375
0.9182281494140625
0.13140869140625
0.3942413330078125
0.7205810546875
0.3795318603515625
0.78289794921875
0.9951934814453125
0.494140625
0.2060699462890625
0.06134033203125
0.5707550048828125
0.9727783203125
0.9915924072265625
0.24798583984375
0.4646759033203125
0.687744140625
0.8298492431640625
0.12408447265625
0.5207061767578125
0.6702880859375
0.3145904541015625
0.97088623046875
0.0825958251953125
0.45166015625
0.5395660400390625
0.56964111328125
0.9940948486328125
0.0631103515625
0.0985260009765625
0.20159912109375
0.5989532470703125
0.035888671875
0.0852203369140625
0.64801025390625
0.7409210205078125
0.4012451171875
0.0933990478515625
0.19012451171875
0.7637481689453125
0.6904296875
0.2168121337890625
0.60919189453125
0.5111846923828125
0.9346923828125
0.0492095947265625
0.18646240234375
0.3269805908203125
0.665283203125
0.6843414306640625
0.70318603515625
0.0548858642578125
0.9134521484375
0.7159576416015625
0.44061279296875
0.0386505126953125
0.21044921875
0.2378082275390625
0.17999267578125
0.1220245361328125
0.5875244140625
0.8436431884765625
0.20257568359375
0.6487579345703125
0.575927734375
0.6272125244140625
0.28961181640625
0.4626007080078125
0.2069091796875
0.1822662353515625
0.72235107421875
0.9073028564453125
0.01171875
0.6025543212890625
0.28204345703125
0.8266143798828125
0.0216064453125
0.4818267822265625
0.24993896484375
0.5642852783203125
0.767822265625
0.9138336181640625
0.40728759765625
0.9640655517578125
0.2816162109375
0.4923248291015625
0.03533935546875
0.3697052001953125
0.09423828125
0.3110504150390625
0.91534423828125
0.6249542236328125
0.2369384765625
0.9637603759765625
0.32855224609375
0.0735626220703125
0.240966796875
0.5442047119140625
0.05621337890625
0.5592803955078125
0.1375732421875
0.6461334228515625
0.37957763671875
0.4258575439453125
0.4580078125
0.3632965087890625
0.07989501953125
0.5170440673828125
0.2335205078125
0.2894439697265625
0.43841552734375
0.1765899658203125
0.995361328125
0.5183258056640625
0.23638916015625
0.2482452392578125
0.7747802734375
0.6436920166015625
0.75506591796875
0.0757598876953125
0.10302734375
0.7592926025390625
0.77569580078125
0.5028839111328125
0.0113525390625
0.4588775634765625
0.57952880859375
0.8733673095703125
0.031005859375
0.8361968994140625
0.94781494140625
0.0309600830078125
0.1932373046875
0.4850006103515625
0.16180419921875
0.3194122314453125
0.029296875
0.4990386962890625
0.00274658203125
0.5824737548828125
0.5704345703125
0.4720611572265625
0.75189208984375
0.1638946533203125
0.347900390625
0.4978179931640625
0.19049072265625
0.9074249267578125
0.3929443359375
0.1700592041015625
0.59979248046875
0.1568145751953125
0.23681640625
0.5825347900390625
0.76104736328125
0.7558135986328125
0.9107666015625
0.3289947509765625
0.95550537109375
0.0481719970703125
0.946044921875
0.5031890869140625
0.96441650390625
0.8776397705078125
0.3739013671875
0.6988677978515625
0.06903076171875
0.5879669189453125
0.7255859375
0.0097808837890625
0.05059814453125
0.0229034423828125
0.0323486328125
0.0296783447265625
0.19036865234375
0.5261993408203125
0.825439453125
0.8523101806640625
0.26959228515625
0.9416046142578125
