0.6414006161858726
0.5421892680969495
0.9931750662832721
0.8432521366869166
0.8117339283379406
0.3971737100780004
0.9370951079120425
0.6891026531658162
0.39711048852598374
0.35102519242304475
0.399603131718545
0.5455817482443385
0.207714227402927
0.6001575513874905
0.02368026428915737
0.6114014400894083
0.026211036291071466
0.6201559092323717
0.7396730770176362
0.31412119286874374
0.6791818847008364
0.5913588799814038
0.6342912312269344
0.08937040928097073
0.31275910418830544
0.669038070567849
0.0434793148499969
0.01535446273687302
0.6486249149564591
0.5580507670784419
0.02214863595174099
0.5202194549550928
0.4459020342458241
0.39797829173165955
0.7421654272510059
0.9356883094987457
0.26054460782153266
0.2451807086434803
0.7071606438534311
0.2256204788553109
0.2717540081441001
0.685180873334678
0.3461351803046414
0.7076945025239858
0.7411645625401523
0.18921301366829457
